6
20
Pre-train on full data
0.9858
0.9824
0.9617
0.9672
0.9586
0.9747
0.9723
0.952
0.9506
0.9376
0.9423
0.9516
0.9756
0.9744
0.9672
0.9668
0.9657
0.9724
0.9599
0.9746
No pre-training: Overfit one sample
0.4471
0.2668
0.4066
0.4227
0.3263
0.3621
0.4316
0.396
0.4858
0.3964
0.2338
0.379
0.4517
0.2273
0.3573
0.3998
0.2909
0.3344
0.3115
0.3508
Pre-train on random labels
0.1135
0.3344
0.1135
0.1135
0.3374
0.3017
0.1135
0.1135
0.1135
0.1135
0.2432
0.4283
0.3388
0.1135
0.1135
0.1369
0.2497
0.1135
0.1135
0.377
Ideal classifier embedding
0.1278
0.1095
0.1869
0.0127
0.2909
0.2506
0.0218
0.1199
0.2832
0.086
0.0701
0.1226
0.0983
0.002
0.0403
0.1918
0.129
0.1946
0.2648
0.0399
Random embedding
0.1365
0.1763
0.1023
0.0649
0.1397
0.0897
0.0918
0.0931
0.0539
0.106
0.1054
0.1088
0.1126
0.1042
0.1034
0.1091
0.0694
0.115
0.1272
0.119
Random labels classifier
0.0982
0.0974
0.0974
0.0958
0.0925
0.0657
0.1042
0.101
0.0974
0.0963
0.1032
0.0958
0.1009
0.1135
0.098
0.0863
0.0892
0.0892
0.1028
0.1009