6
20
Pre-train on full data
0.9859
0.9843
0.9601
0.975
0.9763
0.9741
0.9767
0.9612
0.9686
0.9696
0.9704
0.9259
0.9683
0.9721
0.9454
0.9326
0.9635
0.9675
0.9601
0.9698
No pre-training: Overfit one sample
0.3216
0.3174
0.2577
0.3563
0.3814
0.4085
0.3399
0.3941
0.4107
0.3339
0.436
0.308
0.3644
0.3698
0.3391
0.4045
0.306
0.3457
0.4192
0.3706
Pre-train on random labels
0.1135
0.1135
0.1135
0.1135
0.1135
0.2007
0.1135
0.1135
0.3315
0.4003
0.1135
0.1135
0.1135
0.1135
0.1135
0.2791
0.3293
0.2447
0.1135
0.2724
Ideal classifier embedding
0.1277
0.0711
0.1781
0.1073
0.1623
0.1695
0.0767
0.0951
0.1203
0.0452
0.048
0.0603
0.1281
0.104
0.2239
0.104
0.0977
0.0231
0.0494
0.1434
Random embedding
0.0653
0.1125
0.1782
0.1007
0.1808
0.0738
0.0558
0.1356
0.0837
0.0761
0.0755
0.1372
0.0956
0.0982
0.035
0.0823
0.1248
0.1028
0.0865
0.1049
Random labels classifier
0.1092
0.101
0.1009
0.1028
0.1133
0.0892
0.0838
0.1009
0.0906
0.0866
0.1241
0.0984
0.1135
0.0982
0.1048
0.0985
0.0958
0.0892
0.1135
0.0995