6
20
Pre-train on full data
0.9873
0.9872
0.9687
0.9462
0.9817
0.9446
0.9773
0.9177
0.9629
0.9662
0.978
0.9704
0.9771
0.9491
0.9472
0.9567
0.9571
0.9704
0.9657
0.9514
No pre-training: Overfit one sample
0.551
0.4699
0.4925
0.5124
0.4109
0.4321
0.4009
0.5006
0.5315
0.4634
0.5654
0.6087
0.4548
0.5306
0.5404
0.4453
0.4431
0.5491
0.5186
0.4759
Pre-train on random labels
0.4229
0.3211
0.3311
0.4665
0.3719
0.3419
0.3615
0.4443
0.4238
0.3675
0.4539
0.2973
0.3458
0.3492
0.3091
0.3644
0.4205
0.3662
0.4531
0.3766
Ideal classifier embedding
0.2752
0.3299
0.2678
0.2537
0.244
0.2486
0.1699
0.0951
0.3365
0.4516
0.1985
0.2919
0.16
0.292
0.3321
0.1722
0.3119
0.307
0.3893
0.3674
Random embedding
0.1157
0.0884
0.0688
0.095
0.127
0.1606
0.1104
0.1246
0.1085
0.085
0.1073
0.1589
0.1196
0.1303
0.0949
0.0938
0.0881
0.1279
0.1106
0.0899
Random labels classifier
0.0928
0.1059
0.1715
0.1379
0.1197
0.1872
0.1111
0.1108
0.1474
0.2026
0.1693
0.1474
0.128
0.135
0.0851
0.0769
0.0788
0.1022
0.0967
0.12